0.9285714285714286
0.03571428571428571
0.03571428571428571
0.7142857142857143
0.03571428571428571
0.03571428571428571
0.5
0.07142857142857142
0.8928571428571429
0.03571428571428571
0.9285714285714286
0.03571428571428571
0.03571428571428571
0.03571428571428571
0.03571428571428571
0.9285714285714286
0.8214285714285714
0.03571428571428571
0.9642857142857143
0.03571428571428571
0.03571428571428571
0.0
0.03571428571428571
0.03571428571428571
0.03571428571428571
0.21428571428571427
0.03571428571428571
0.35714285714285715
0.0
1.0
0.03571428571428571
0.6785714285714286
0.0
1.0
0.5714285714285714
0.03571428571428571
0.03571428571428571
0.03571428571428571
0.8928571428571429
0.8928571428571429
0.9642857142857143
0.03571428571428571
0.03571428571428571
0.9642857142857143
0.03571428571428571
0.03571428571428571
0.03571428571428571
0.9642857142857143
0.03571428571428571
