0.17857142857142858
1.0
1.0
0.03571428571428571
0.03571428571428571
0.9285714285714286
0.03571428571428571
0.03571428571428571
0.0
0.03571428571428571
0.10714285714285714
0.03571428571428571
0.03571428571428571
0.03571428571428571
0.07142857142857142
0.03571428571428571
0.07142857142857142
0.03571428571428571
0.03571428571428571
0.6071428571428571
0.03571428571428571
0.03571428571428571
0.8571428571428571
0.9642857142857143
0.03571428571428571
0.9642857142857143
0.07142857142857142
0.03571428571428571
0.0
0.25
0.03571428571428571
0.03571428571428571
0.03571428571428571
0.03571428571428571
0.03571428571428571
0.03571428571428571
0.03571428571428571
0.03571428571428571
0.03571428571428571
0.03571428571428571
0.03571428571428571
0.03571428571428571
0.03571428571428571
1.0
0.07142857142857142
0.03571428571428571
0.0
0.0
0.03571428571428571
0.0
