0.03571428571428571
0.9642857142857143
0.03571428571428571
0.75
0.03571428571428571
0.03571428571428571
0.03571428571428571
0.9642857142857143
0.0
0.03571428571428571
0.10714285714285714
0.0
0.0
0.03571428571428571
0.03571428571428571
0.10714285714285714
0.03571428571428571
0.03571428571428571
0.8571428571428571
0.39285714285714285
0.03571428571428571
0.25
0.03571428571428571
0.03571428571428571
0.5
0.9285714285714286
0.9285714285714286
0.14285714285714285
0.8571428571428571
0.9285714285714286
0.03571428571428571
0.9642857142857143
0.03571428571428571
0.03571428571428571
0.2857142857142857
0.03571428571428571
0.03571428571428571
0.03571428571428571
0.8214285714285714
0.9642857142857143
0.03571428571428571
0.03571428571428571
0.03571428571428571
0.03571428571428571
0.03571428571428571
0.03571428571428571
0.03571428571428571
0.6785714285714286
0.03571428571428571
0.03571428571428571
