0.9642857142857143
0.6071428571428571
0.03571428571428571
0.9642857142857143
0.0
0.7857142857142857
0.03571428571428571
0.03571428571428571
0.0
0.03571428571428571
0.6428571428571429
0.21428571428571427
0.8571428571428571
0.0
0.0
1.0
0.03571428571428571
0.0
0.8214285714285714
0.9642857142857143
0.8571428571428571
0.25
0.9285714285714286
0.03571428571428571
0.03571428571428571
0.8928571428571429
0.03571428571428571
0.03571428571428571
0.03571428571428571
0.03571428571428571
0.0
0.03571428571428571
0.7857142857142857
0.03571428571428571
0.0
0.03571428571428571
0.9642857142857143
0.03571428571428571
0.03571428571428571
0.5357142857142857
0.8928571428571429
0.9285714285714286
0.03571428571428571
0.0
0.03571428571428571
0.03571428571428571
0.03571428571428571
0.07142857142857142
0.03571428571428571
0.03571428571428571
