0.03571428571428571
0.9285714285714286
0.17857142857142858
0.6071428571428571
0.0
0.7142857142857143
0.03571428571428571
0.03571428571428571
0.03571428571428571
0.17857142857142858
0.03571428571428571
0.03571428571428571
0.03571428571428571
0.8571428571428571
0.03571428571428571
0.14285714285714285
0.03571428571428571
0.03571428571428571
0.8571428571428571
1.0
0.0
0.03571428571428571
0.03571428571428571
0.39285714285714285
0.03571428571428571
0.9285714285714286
0.6785714285714286
0.03571428571428571
0.03571428571428571
0.03571428571428571
0.10714285714285714
0.03571428571428571
0.75
0.8571428571428571
0.03571428571428571
0.03571428571428571
0.03571428571428571
0.03571428571428571
0.0
0.03571428571428571
0.03571428571428571
0.0
0.0
0.0
0.03571428571428571
0.03571428571428571
0.03571428571428571
0.03571428571428571
0.35714285714285715
0.0
