0.03571428571428571
0.0
0.03571428571428571
0.03571428571428571
0.5357142857142857
0.03571428571428571
0.5
0.03571428571428571
0.7142857142857143
0.75
0.03571428571428571
0.03571428571428571
0.9642857142857143
0.07142857142857142
0.03571428571428571
0.03571428571428571
0.03571428571428571
0.03571428571428571
0.03571428571428571
0.8571428571428571
0.03571428571428571
0.03571428571428571
0.03571428571428571
0.0
0.14285714285714285
0.35714285714285715
0.03571428571428571
0.0
0.03571428571428571
0.03571428571428571
0.03571428571428571
0.6785714285714286
0.03571428571428571
1.0
0.5714285714285714
0.03571428571428571
0.0
0.07142857142857142
0.0
0.03571428571428571
0.03571428571428571
0.8571428571428571
0.9642857142857143
0.03571428571428571
0.0
0.03571428571428571
0.03571428571428571
0.39285714285714285
0.0
0.0
