0.8928571428571429
0.03571428571428571
0.03571428571428571
0.0
0.03571428571428571
0.03571428571428571
0.03571428571428571
0.07142857142857142
0.0
0.7857142857142857
0.03571428571428571
0.03571428571428571
0.8928571428571429
0.03571428571428571
0.8571428571428571
0.03571428571428571
0.03571428571428571
0.03571428571428571
0.07142857142857142
0.9642857142857143
0.9642857142857143
0.9642857142857143
0.03571428571428571
0.03571428571428571
0.10714285714285714
0.03571428571428571
0.9285714285714286
0.8928571428571429
0.03571428571428571
0.14285714285714285
0.9285714285714286
0.10714285714285714
0.03571428571428571
0.03571428571428571
0.03571428571428571
0.03571428571428571
0.03571428571428571
0.03571428571428571
0.03571428571428571
0.10714285714285714
0.03571428571428571
0.03571428571428571
0.8571428571428571
0.03571428571428571
0.03571428571428571
0.03571428571428571
0.03571428571428571
0.03571428571428571
0.03571428571428571
0.6428571428571429
