0.03571428571428571
0.5357142857142857
0.8928571428571429
0.03571428571428571
0.03571428571428571
0.03571428571428571
0.03571428571428571
0.03571428571428571
0.03571428571428571
0.03571428571428571
0.03571428571428571
0.03571428571428571
0.03571428571428571
0.03571428571428571
0.9642857142857143
0.03571428571428571
0.03571428571428571
0.03571428571428571
0.8928571428571429
0.0
0.03571428571428571
0.03571428571428571
0.03571428571428571
0.14285714285714285
0.03571428571428571
0.03571428571428571
0.03571428571428571
0.6071428571428571
0.9285714285714286
1.0
0.03571428571428571
0.03571428571428571
0.03571428571428571
0.9642857142857143
0.25
0.25
0.8571428571428571
0.03571428571428571
0.8928571428571429
0.03571428571428571
0.8928571428571429
0.07142857142857142
0.7142857142857143
0.03571428571428571
0.03571428571428571
0.03571428571428571
0.03571428571428571
0.0
0.25
0.03571428571428571
