0.03571428571428571
0.03571428571428571
0.03571428571428571
0.0
0.8214285714285714
0.9642857142857143
0.03571428571428571
0.03571428571428571
0.0
0.03571428571428571
0.03571428571428571
0.0
0.03571428571428571
0.03571428571428571
0.03571428571428571
0.7857142857142857
0.03571428571428571
0.03571428571428571
0.9642857142857143
0.03571428571428571
0.03571428571428571
0.03571428571428571
0.0
0.0
0.03571428571428571
0.03571428571428571
0.0
0.7142857142857143
0.9642857142857143
0.6785714285714286
0.6785714285714286
0.03571428571428571
0.03571428571428571
0.03571428571428571
0.17857142857142858
0.03571428571428571
0.03571428571428571
0.0
0.03571428571428571
0.03571428571428571
0.0
0.0
0.03571428571428571
0.03571428571428571
0.0
0.03571428571428571
0.0
0.14285714285714285
0.03571428571428571
